360.036	4.32742E-4
360.303	4.29484E-4
360.57	4.25741E-4
360.837	4.21513E-4
361.104	4.168E-4
361.371	4.11601E-4
361.638	4.05918E-4
361.905	3.99749E-4
362.172	3.93096E-4
362.439	3.85957E-4
362.706	3.78333E-4
362.973	3.70361E-4
363.24	3.84395E-4
363.507	3.64594E-4
363.774	3.31106E-4
364.041	3.37439E-4
364.308	3.8869E-4
364.574	4.06903E-4
364.841	3.85668E-4
365.108	3.87546E-4
365.375	3.82293E-4
365.642	3.46883E-4
365.909	2.92919E-4
366.176	2.43744E-4
366.443	2.70559E-4
366.709	2.87654E-4
366.976	3.25494E-4
367.243	3.39779E-4
367.51	3.38885E-4
367.777	3.62968E-4
368.043	3.84897E-4
368.31	3.54572E-4
368.577	3.28798E-4
368.844	3.0775E-4
369.111	3.08818E-4
369.377	3.47159E-4
369.644	3.82936E-4
369.911	4.18777E-4
370.178	4.32921E-4
370.444	4.23155E-4
370.711	3.64196E-4
370.978	3.02582E-4
371.244	2.44696E-4
371.511	1.94146E-4
371.778	1.47652E-4
372.045	1.13894E-4
372.311	1.02316E-4
372.578	8.48998E-5
372.845	6.74518E-5
373.111	2.99971E-5
373.378	0
373.645	4.87309E-6
373.911	3.43688E-5
374.178	5.44204E-5
374.444	1.24238E-4
374.711	1.8593E-4
374.978	2.41604E-4
375.244	3.13247E-4
375.511	3.4858E-4
375.777	3.32431E-4
376.044	3.02112E-4
376.311	3.05102E-4
376.577	3.16924E-4
376.844	3.12836E-4
377.11	2.95188E-4
377.377	2.9362E-4
377.643	3.30669E-4
377.91	3.38828E-4
378.176	3.31981E-4
378.443	3.1524E-4
378.709	3.42916E-4
378.976	3.98018E-4
379.242	4.24126E-4
379.509	4.60166E-4
379.775	5.01485E-4
380.042	4.88286E-4
380.308	5.18373E-4
380.575	5.49958E-4
380.841	5.43362E-4
381.108	4.95711E-4
381.374	4.30947E-4
381.64	4.15717E-4
381.907	3.86427E-4
382.173	3.5265E-4
382.44	3.07127E-4
382.706	2.83366E-4
382.973	3.01746E-4
383.239	2.91762E-4
383.505	2.85596E-4
383.772	2.58897E-4
384.038	2.67473E-4
384.304	2.78062E-4
384.571	3.11318E-4
384.837	3.23488E-4
385.103	3.30026E-4
385.37	3.30284E-4
385.636	3.48754E-4
385.902	3.34674E-4
386.169	3.32187E-4
386.435	3.17625E-4
386.701	2.7758E-4
386.967	2.6541E-4
387.234	2.64253E-4
387.5	2.783E-4
387.766	2.61835E-4
388.032	2.7812E-4
388.299	3.01952E-4
388.565	3.29628E-4
388.831	3.43566E-4
389.097	3.19862E-4
389.364	3.27018E-4
389.63	3.30856E-4
389.896	3.22074E-4
390.162	2.59669E-4
390.428	2.29717E-4
390.695	2.01025E-4
390.961	1.85145E-4
391.227	1.57694E-4
391.493	1.72808E-4
391.759	1.75373E-4
392.025	1.98864E-4
392.291	2.28598E-4
392.558	2.64973E-4
392.824	2.87384E-4
393.09	3.02916E-4
393.356	3.12964E-4
393.622	3.15034E-4
393.888	3.45854E-4
394.154	3.72605E-4
394.42	3.82589E-4
394.686	4.05855E-4
394.952	4.04916E-4
395.218	3.73357E-4
395.484	3.76822E-4
395.75	3.97324E-4
396.016	4.10323E-4
396.282	4.33383E-4
396.548	4.51506E-4
396.814	5.25297E-4
397.08	6.04064E-4
397.346	6.54267E-4
397.612	6.53785E-4
397.878	6.94229E-4
398.144	7.06752E-4
398.41	6.85299E-4
398.676	6.67157E-4
398.942	7.17842E-4
399.208	7.64136E-4
399.474	7.74506E-4
399.74	7.47775E-4
400.006	7.11529E-4
400.272	6.81487E-4
400.538	6.56601E-4
400.804	6.66617E-4
401.07	6.63338E-4
401.335	6.82046E-4
401.601	7.24014E-4
401.867	7.8278E-4
402.133	8.69666E-4
402.399	9.48189E-4
402.665	9.63631E-4
402.93	9.72355E-4
403.196	0.00104
403.462	0.00109
403.728	0.00115
403.994	0.00117
404.26	0.00118
404.525	0.00113
404.791	0.00112
405.057	0.00109
405.323	0.00109
405.588	0.00107
405.854	0.00104
406.12	0.00105
406.386	0.00106
406.651	0.00109
406.917	0.00115
407.183	0.00121
407.448	0.00128
407.714	0.00132
407.98	0.00131
408.246	0.0013
408.511	0.00131
408.777	0.0013
409.043	0.00132
409.308	0.0013
409.574	0.00133
409.839	0.00142
410.105	0.00153
410.371	0.00159
410.636	0.00168
410.902	0.00177
411.168	0.00185
411.433	0.00195
411.699	0.00198
411.964	0.00205
412.23	0.0021
412.495	0.00213
412.761	0.00218
413.026	0.00223
413.292	0.00222
413.558	0.00219
413.823	0.00218
414.089	0.00219
414.354	0.00224
414.62	0.00226
414.885	0.0023
415.151	0.00239
415.416	0.00248
415.682	0.00257
415.947	0.00268
416.212	0.00276
416.478	0.00284
416.743	0.00293
417.009	0.003
417.274	0.0031
417.54	0.00318
417.805	0.00326
418.07	0.00336
418.336	0.00342
418.601	0.00346
418.867	0.00351
419.132	0.00357
419.397	0.00361
419.663	0.00365
419.928	0.0037
420.193	0.00377
420.459	0.00387
420.724	0.00396
420.989	0.00402
421.255	0.00408
421.52	0.00419
421.785	0.0043
422.051	0.0044
422.316	0.00449
422.581	0.00456
422.846	0.0046
423.112	0.00463
423.377	0.00464
423.642	0.00461
423.907	0.00464
424.173	0.00466
424.438	0.00466
424.703	0.00464
424.968	0.00466
425.233	0.00471
425.499	0.00476
425.764	0.00482
426.029	0.0049
426.294	0.00501
426.559	0.00514
426.824	0.00532
427.09	0.0055
427.355	0.00565
427.62	0.00585
427.885	0.00596
428.15	0.00603
428.415	0.00607
428.68	0.00612
428.945	0.00619
429.21	0.00629
429.476	0.0064
429.741	0.0065
430.006	0.00657
430.271	0.00669
430.536	0.00683
430.801	0.00695
431.066	0.00709
431.331	0.00717
431.596	0.00728
431.861	0.00738
432.126	0.00752
432.391	0.00765
432.656	0.00774
432.921	0.00783
433.186	0.00782
433.451	0.00785
433.716	0.00791
433.981	0.008
434.246	0.0081
434.511	0.00817
434.775	0.00826
435.04	0.00834
435.305	0.00839
435.57	0.00847
435.835	0.00852
436.1	0.00858
436.365	0.00867
436.63	0.00878
436.895	0.0089
437.159	0.00903
437.424	0.00912
437.689	0.00918
437.954	0.00921
438.219	0.00924
438.484	0.00927
438.748	0.00937
439.013	0.00948
439.278	0.00959
439.543	0.00967
439.808	0.00976
440.072	0.00987
440.337	0.00998
440.602	0.0101
440.867	0.01023
441.131	0.01037
441.396	0.01058
441.661	0.01079
441.925	0.01098
442.19	0.01111
442.455	0.01122
442.72	0.0113
442.984	0.01139
443.249	0.01142
443.514	0.0115
443.778	0.01161
444.043	0.01176
444.308	0.01186
444.572	0.01196
444.837	0.01208
445.101	0.01217
445.366	0.01225
445.631	0.01231
445.895	0.01239
446.16	0.0125
446.424	0.01261
446.689	0.01278
446.954	0.01297
447.218	0.01315
447.483	0.01336
447.747	0.01355
448.012	0.01371
448.276	0.01383
448.541	0.01397
448.805	0.01418
449.07	0.01442
449.334	0.01464
449.599	0.01485
449.863	0.01509
450.128	0.01531
450.392	0.01549
450.657	0.01564
450.921	0.01578
451.186	0.01597
451.45	0.01617
451.715	0.01637
451.979	0.01664
452.243	0.01689
452.508	0.01707
452.772	0.01729
453.037	0.01746
453.301	0.01761
453.565	0.01773
453.83	0.01791
454.094	0.01807
454.358	0.01824
454.623	0.01843
454.887	0.01868
455.151	0.01896
455.416	0.01918
455.68	0.01942
455.944	0.01963
456.209	0.01981
456.473	0.02
456.737	0.02016
457.002	0.0204
457.266	0.02062
457.53	0.02079
457.794	0.02087
458.059	0.02105
458.323	0.02126
458.587	0.0214
458.851	0.02156
459.115	0.02176
459.38	0.022
459.644	0.02229
459.908	0.02262
460.172	0.02294
460.436	0.02325
460.701	0.02351
460.965	0.02378
461.229	0.02396
461.493	0.02414
461.757	0.02431
462.021	0.02448
462.285	0.02464
462.549	0.02474
462.814	0.02481
463.078	0.02488
463.342	0.02508
463.606	0.02526
463.87	0.02546
464.134	0.02574
464.398	0.02599
464.662	0.02626
464.926	0.02654
465.19	0.02682
465.454	0.02708
465.718	0.02736
465.982	0.02761
466.246	0.02782
466.51	0.02805
466.774	0.02834
467.038	0.02863
467.302	0.02896
467.566	0.0293
467.83	0.02963
468.094	0.02994
468.358	0.03028
468.622	0.03068
468.886	0.03111
469.15	0.03151
469.414	0.03187
469.678	0.03217
469.941	0.0325
470.205	0.03286
470.469	0.03324
470.733	0.03358
470.997	0.03387
471.261	0.03409
471.525	0.0343
471.788	0.03451
472.052	0.0347
472.316	0.03489
472.58	0.03509
472.844	0.03527
473.108	0.03542
473.371	0.03563
473.635	0.03587
473.899	0.03616
474.163	0.03644
474.426	0.0367
474.69	0.03695
474.954	0.03718
475.218	0.03749
475.481	0.03784
475.745	0.03814
476.009	0.03842
476.273	0.0387
476.536	0.03894
476.8	0.03916
477.064	0.03937
477.327	0.03959
477.591	0.03987
477.855	0.04017
478.118	0.04049
478.382	0.04087
478.646	0.04131
478.909	0.04174
479.173	0.04218
479.436	0.04265
479.7	0.04311
479.964	0.04356
480.227	0.04401
480.491	0.04447
480.754	0.0449
481.018	0.0453
481.281	0.04572
481.545	0.0461
481.809	0.04643
482.072	0.04674
482.336	0.04703
482.599	0.04731
482.863	0.04757
483.126	0.04784
483.39	0.04813
483.653	0.04844
483.917	0.04869
484.18	0.04892
484.443	0.04922
484.707	0.04957
484.97	0.04992
485.234	0.05028
485.497	0.05061
485.761	0.05097
486.024	0.05138
486.287	0.0518
486.551	0.05223
486.814	0.05268
487.078	0.05314
487.341	0.05364
487.604	0.05414
487.868	0.05462
488.131	0.05508
488.394	0.05558
488.658	0.05611
488.921	0.05665
489.184	0.05719
489.448	0.05778
489.711	0.05844
489.974	0.05914
490.238	0.05987
490.501	0.06053
490.764	0.06117
491.027	0.06184
491.291	0.06247
491.554	0.06306
491.817	0.06364
492.08	0.06425
492.344	0.06477
492.607	0.06532
492.87	0.06581
493.133	0.06626
493.396	0.06664
493.66	0.06704
493.923	0.06736
494.186	0.06765
494.449	0.06796
494.712	0.0683
494.975	0.0687
495.238	0.06916
495.502	0.06956
495.765	0.06995
496.028	0.07039
496.291	0.07081
496.554	0.07116
496.817	0.07152
497.08	0.0719
497.343	0.07225
497.606	0.07257
497.869	0.07304
498.132	0.07351
498.395	0.07389
498.659	0.0742
498.922	0.07451
499.185	0.07478
499.448	0.07511
499.711	0.07554
499.974	0.07604
500.237	0.07658
500.5	0.07712
500.762	0.07765
501.025	0.07828
501.288	0.07884
501.551	0.07931
501.814	0.0797
502.077	0.08019
502.34	0.08072
502.603	0.08124
502.866	0.08186
503.129	0.08259
503.392	0.08326
503.655	0.08389
503.917	0.08459
504.18	0.08534
504.443	0.08605
504.706	0.08679
504.969	0.08761
505.232	0.08844
505.495	0.08922
505.757	0.08999
506.02	0.09076
506.283	0.09153
506.546	0.09216
506.809	0.09281
507.071	0.09353
507.334	0.09429
507.597	0.09501
507.86	0.09573
508.122	0.09644
508.385	0.09716
508.648	0.09787
508.91	0.0986
509.173	0.09936
509.436	0.10013
509.699	0.10089
509.961	0.10169
510.224	0.10248
510.487	0.10324
510.749	0.104
511.012	0.10474
511.275	0.1054
511.537	0.10605
511.8	0.10672
512.062	0.10742
512.325	0.10806
512.588	0.10864
512.85	0.10921
513.113	0.10977
513.375	0.11034
513.638	0.11094
513.901	0.11152
514.163	0.11215
514.426	0.11287
514.688	0.11363
514.951	0.11439
515.213	0.11512
515.476	0.11584
515.738	0.11661
516.001	0.11743
516.263	0.11825
516.526	0.11906
516.788	0.11989
517.051	0.1207
517.313	0.12143
517.576	0.12206
517.838	0.12273
518.101	0.12335
518.363	0.12405
518.625	0.12488
518.888	0.12567
519.15	0.12633
519.413	0.12696
519.675	0.12768
519.937	0.12842
520.2	0.12917
520.462	0.12998
520.724	0.1308
520.987	0.13165
521.249	0.13251
521.511	0.13326
521.774	0.13395
522.036	0.13464
522.298	0.13538
522.561	0.13609
522.823	0.13668
523.085	0.13726
523.348	0.13789
523.61	0.13857
523.872	0.13924
524.134	0.13972
524.397	0.14013
524.659	0.1407
524.921	0.14142
525.183	0.14223
525.445	0.14308
525.708	0.14398
525.97	0.14489
526.232	0.14575
526.494	0.14646
526.756	0.14711
527.019	0.14781
527.281	0.14859
527.543	0.14933
527.805	0.14999
528.067	0.15059
528.329	0.1512
528.591	0.15178
528.853	0.1523
529.116	0.15291
529.378	0.15352
529.64	0.15414
529.902	0.15476
530.164	0.15541
530.426	0.15615
530.688	0.15681
530.95	0.15744
531.212	0.15803
531.474	0.15847
531.736	0.1588
531.998	0.15916
532.26	0.15955
532.522	0.15992
532.784	0.16033
533.046	0.16083
533.308	0.16145
533.57	0.16215
533.832	0.16289
534.094	0.16376
534.356	0.16475
534.618	0.16574
534.88	0.16673
535.141	0.16777
535.403	0.16885
535.665	0.16995
535.927	0.17095
536.189	0.17201
536.451	0.17308
536.713	0.17409
536.975	0.17509
537.236	0.17611
537.498	0.17704
537.76	0.17792
538.022	0.17884
538.284	0.17987
538.546	0.18102
538.807	0.18216
539.069	0.18326
539.331	0.18449
539.593	0.18578
539.854	0.18706
540.116	0.18826
540.378	0.18941
540.64	0.19046
540.901	0.1915
541.163	0.19257
541.425	0.19361
541.686	0.19457
541.948	0.19555
542.21	0.19657
542.472	0.19756
542.733	0.19851
542.995	0.19951
543.257	0.20056
543.518	0.20163
543.78	0.20265
544.041	0.20364
544.303	0.20464
544.565	0.20573
544.826	0.2068
545.088	0.20786
545.349	0.20892
545.611	0.20991
545.873	0.21075
546.134	0.21156
546.396	0.21232
546.657	0.213
546.919	0.21371
547.18	0.21446
547.442	0.21516
547.703	0.21581
547.965	0.2164
548.226	0.21687
548.488	0.21732
548.749	0.21784
549.011	0.21849
549.272	0.21917
549.534	0.21974
549.795	0.22025
550.057	0.2207
550.318	0.22112
550.579	0.22166
550.841	0.22229
551.102	0.22294
551.364	0.22361
551.625	0.22432
551.886	0.22513
552.148	0.22589
552.409	0.22668
552.671	0.22758
552.932	0.22851
553.193	0.22943
553.455	0.23047
553.716	0.23169
553.977	0.23292
554.239	0.234
554.5	0.23491
554.761	0.23562
555.022	0.23626
555.284	0.23699
555.545	0.23775
555.806	0.23858
556.067	0.23943
556.329	0.24009
556.59	0.24068
556.851	0.24142
557.112	0.24229
557.374	0.24328
557.635	0.24442
557.896	0.24562
558.157	0.24684
558.418	0.24807
558.679	0.24939
558.941	0.25072
559.202	0.25205
559.463	0.25344
559.724	0.25482
559.985	0.25614
560.246	0.25755
560.507	0.25909
560.768	0.26053
561.03	0.26195
561.291	0.26338
561.552	0.26476
561.813	0.26629
562.074	0.26792
562.335	0.26965
562.596	0.27134
562.857	0.27294
563.118	0.27453
563.379	0.27616
563.64	0.27774
563.901	0.2792
564.162	0.28046
564.423	0.28157
564.684	0.28251
564.945	0.28336
565.206	0.28419
565.467	0.28505
565.728	0.2859
565.989	0.28677
566.25	0.2877
566.511	0.28864
566.771	0.28943
567.032	0.29022
567.293	0.29107
567.554	0.29201
567.815	0.29296
568.076	0.29403
568.337	0.29516
568.598	0.29628
568.858	0.2974
569.119	0.29839
569.38	0.29916
569.641	0.29985
569.902	0.30041
570.163	0.30086
570.423	0.3015
570.684	0.30229
570.945	0.30316
571.206	0.30417
571.466	0.30523
571.727	0.30618
571.988	0.30708
572.249	0.30806
572.509	0.30899
572.77	0.30993
573.031	0.31103
573.291	0.3123
573.552	0.31359
573.813	0.3149
574.074	0.31626
574.334	0.31757
574.595	0.31893
574.855	0.32035
575.116	0.32177
575.377	0.32336
575.637	0.32521
575.898	0.32703
576.159	0.32878
576.419	0.33062
576.68	0.33246
576.94	0.33429
577.201	0.33613
577.461	0.33797
577.722	0.33975
577.983	0.34169
578.243	0.34379
578.504	0.34593
578.764	0.3481
579.025	0.35019
579.285	0.35229
579.546	0.35448
579.806	0.35677
580.067	0.35904
580.327	0.36124
580.588	0.36342
580.848	0.36544
581.109	0.36741
581.369	0.3696
581.629	0.37215
581.89	0.37491
582.15	0.37774
582.411	0.3806
582.671	0.38337
582.931	0.38594
583.192	0.38858
583.452	0.39135
583.713	0.39423
583.973	0.39704
584.233	0.39968
584.494	0.40224
584.754	0.40466
585.014	0.40682
585.275	0.40873
585.535	0.4105
585.795	0.41206
586.055	0.41337
586.316	0.41474
586.576	0.4164
586.836	0.41833
587.096	0.42031
587.357	0.42213
587.617	0.42383
587.877	0.42539
588.137	0.42695
588.398	0.42859
588.658	0.43024
588.918	0.43183
589.178	0.4331
589.438	0.43427
589.699	0.43546
589.959	0.43656
590.219	0.43729
590.479	0.43777
590.739	0.43819
590.999	0.43839
591.259	0.43855
591.519	0.43892
591.78	0.43938
592.04	0.43999
592.3	0.44068
592.56	0.44141
592.82	0.4421
593.08	0.44272
593.34	0.44314
593.6	0.44324
593.86	0.4434
594.12	0.44376
594.38	0.44417
594.64	0.4448
594.9	0.44553
595.16	0.44614
595.42	0.44665
595.68	0.44721
595.94	0.44785
596.2	0.4485
596.46	0.44908
596.72	0.44971
596.98	0.45041
597.24	0.4514
597.5	0.45253
597.76	0.45353
598.019	0.45445
598.279	0.4553
598.539	0.45609
598.799	0.45714
599.059	0.45887
599.319	0.46102
599.579	0.46312
599.838	0.46523
600.098	0.46736
600.358	0.46945
600.618	0.47142
600.878	0.47309
601.137	0.47456
601.397	0.47605
601.657	0.47757
601.917	0.47917
602.177	0.48079
602.436	0.48246
602.696	0.48393
602.956	0.4852
603.216	0.48646
603.475	0.48763
603.735	0.48886
603.995	0.49021
604.254	0.49167
604.514	0.49303
604.774	0.49412
605.033	0.49524
605.293	0.49652
605.553	0.498
605.812	0.49973
606.072	0.50158
606.332	0.50339
606.591	0.50534
606.851	0.50756
607.11	0.50982
607.37	0.51196
607.63	0.51407
607.889	0.51588
608.149	0.5173
608.408	0.51845
608.668	0.51964
608.927	0.5211
609.187	0.52238
609.446	0.52344
609.706	0.52462
609.965	0.52602
610.225	0.52799
610.484	0.53036
610.744	0.5328
611.003	0.53519
611.263	0.53744
611.522	0.53964
611.782	0.54199
612.041	0.54431
612.301	0.54621
612.56	0.54757
612.819	0.54876
613.079	0.54972
613.338	0.55044
613.598	0.55127
613.857	0.55256
614.116	0.55411
614.376	0.5555
614.635	0.55704
614.894	0.55891
615.154	0.56071
615.413	0.56233
615.672	0.56377
615.932	0.56519
616.191	0.56661
616.45	0.56821
616.709	0.57007
616.969	0.57186
617.228	0.57336
617.487	0.57479
617.746	0.57631
618.006	0.57794
618.265	0.57938
618.524	0.58061
618.783	0.58201
619.043	0.58381
619.302	0.58583
619.561	0.5879
619.82	0.58976
620.079	0.59105
620.338	0.59192
620.598	0.59291
620.857	0.59411
621.116	0.59534
621.375	0.59639
621.634	0.59781
621.893	0.59988
622.152	0.60207
622.411	0.60387
622.671	0.60548
622.93	0.60703
623.189	0.60852
623.448	0.60995
623.707	0.61143
623.966	0.61297
624.225	0.61471
624.484	0.61666
624.743	0.61845
625.002	0.61975
625.261	0.62075
625.52	0.6217
625.779	0.62269
626.038	0.62351
626.297	0.62427
626.556	0.62525
626.815	0.62654
627.074	0.62794
627.332	0.62921
627.591	0.63028
627.85	0.63156
628.109	0.63308
628.368	0.6347
628.627	0.63631
628.886	0.63793
629.145	0.63969
629.404	0.64152
629.662	0.6429
629.921	0.64366
630.18	0.64392
630.439	0.64408
630.698	0.64439
630.957	0.64473
631.215	0.64493
631.474	0.64503
631.733	0.64516
631.992	0.64525
632.25	0.64535
632.509	0.64572
632.768	0.64629
633.027	0.64689
633.285	0.6475
633.544	0.64828
633.803	0.64933
634.062	0.65052
634.32	0.65179
634.579	0.65277
634.838	0.65314
635.096	0.65314
635.355	0.65325
635.614	0.6541
635.872	0.65543
636.131	0.65677
636.389	0.6579
636.648	0.65902
636.907	0.66036
637.165	0.66197
637.424	0.66364
637.682	0.66539
637.941	0.66724
638.2	0.66902
638.458	0.67105
638.717	0.67328
638.975	0.67554
639.234	0.67785
639.492	0.67997
639.751	0.68151
640.009	0.68254
640.268	0.68363
640.526	0.68525
640.785	0.68724
641.043	0.68919
641.302	0.69112
641.56	0.69284
641.818	0.69439
642.077	0.69589
642.335	0.69726
642.594	0.69846
642.852	0.69963
643.11	0.70085
643.369	0.70208
643.627	0.70341
643.886	0.70468
644.144	0.70573
644.402	0.70643
644.661	0.70643
644.919	0.70596
645.177	0.7058
645.436	0.7062
645.694	0.70681
645.952	0.70756
646.211	0.70889
646.469	0.71053
646.727	0.71217
646.985	0.71378
647.244	0.71554
647.502	0.71748
647.76	0.71951
648.018	0.7218
648.277	0.7246
648.535	0.72804
648.793	0.73161
649.051	0.73495
649.309	0.73787
649.567	0.74025
649.826	0.74212
650.084	0.74393
650.342	0.74565
650.6	0.74721
650.858	0.749
651.116	0.75125
651.374	0.75369
651.633	0.75565
651.891	0.75708
652.149	0.75817
652.407	0.75918
652.665	0.76028
652.923	0.76143
653.181	0.76321
653.439	0.76602
653.697	0.76918
653.955	0.77188
654.213	0.77438
654.471	0.77664
654.729	0.77842
654.987	0.77982
655.245	0.78101
655.503	0.78213
655.761	0.7837
656.019	0.78587
656.277	0.78813
656.535	0.79013
656.793	0.79194
657.051	0.79389
657.309	0.79606
657.567	0.79835
657.824	0.80097
658.082	0.80391
658.34	0.80654
658.598	0.80856
658.856	0.80963
659.114	0.8096
659.372	0.80909
659.629	0.80836
659.887	0.80764
660.145	0.80724
660.403	0.80701
660.661	0.80681
660.918	0.80689
661.176	0.80758
661.434	0.80867
661.692	0.80972
661.95	0.81088
662.207	0.81205
662.465	0.81279
662.723	0.81328
662.98	0.81409
663.238	0.81476
663.496	0.81452
663.754	0.81369
664.011	0.81258
664.269	0.81156
664.527	0.81145
664.784	0.8124
665.042	0.81418
665.299	0.81638
665.557	0.81838
665.815	0.8204
666.072	0.82282
666.33	0.82532
666.588	0.82741
666.845	0.82931
667.103	0.83144
667.36	0.83351
667.618	0.83498
667.875	0.83565
668.133	0.83565
668.39	0.83529
668.648	0.83496
668.905	0.83446
669.163	0.83364
669.42	0.83292
669.678	0.83224
669.935	0.83141
670.193	0.83056
670.45	0.82961
670.708	0.82852
670.965	0.82772
671.223	0.82754
671.48	0.82772
671.737	0.82815
671.995	0.82882
672.252	0.83004
672.51	0.83193
672.767	0.83361
673.024	0.83489
673.282	0.83665
673.539	0.83935
673.796	0.84211
674.054	0.84362
674.311	0.84371
674.568	0.84332
674.826	0.84273
675.083	0.84204
675.34	0.84152
675.598	0.84107
675.855	0.84062
676.112	0.84021
676.369	0.84013
676.627	0.84028
676.884	0.84075
677.141	0.84176
677.398	0.84342
677.656	0.8452
677.913	0.84665
678.17	0.84822
678.427	0.85006
678.684	0.85186
678.941	0.85278
679.199	0.85301
679.456	0.85341
679.713	0.85435
679.97	0.8554
680.227	0.85616
680.484	0.85678
680.741	0.85721
680.998	0.85761
681.256	0.85847
681.513	0.85979
681.77	0.86139
682.027	0.86326
682.284	0.86511
682.541	0.86681
682.798	0.86841
683.055	0.87008
683.312	0.87167
683.569	0.87301
683.826	0.87436
684.083	0.87537
684.34	0.87657
684.597	0.87817
684.854	0.87982
685.111	0.88162
685.368	0.88343
685.625	0.88565
685.881	0.8877
686.138	0.88908
686.395	0.8902
686.652	0.89106
686.909	0.8917
687.166	0.89259
687.423	0.89366
687.68	0.89454
687.937	0.8952
688.193	0.89594
688.45	0.89665
688.707	0.89692
688.964	0.89706
689.221	0.89735
689.477	0.8983
689.734	0.89993
689.991	0.90212
690.248	0.90459
690.505	0.90664
690.761	0.90833
691.018	0.90968
691.275	0.91092
691.531	0.91252
691.788	0.91425
692.045	0.91571
692.302	0.91684
692.558	0.9174
692.815	0.91735
693.072	0.91725
693.328	0.91725
693.585	0.91679
693.842	0.91575
694.098	0.91485
694.355	0.91446
694.611	0.91441
694.868	0.9148
695.125	0.9155
695.381	0.91608
695.638	0.91648
695.894	0.91747
696.151	0.9195
696.408	0.92231
696.664	0.92517
696.921	0.92771
697.177	0.93012
697.434	0.93252
697.69	0.93466
697.947	0.93625
698.203	0.93751
698.46	0.93884
698.716	0.94019
698.973	0.94141
699.229	0.94242
699.485	0.94326
699.742	0.94374
699.998	0.94401
700.255	0.94387
700.511	0.9433
700.768	0.94263
701.024	0.94238
701.28	0.94249
701.537	0.94285
701.793	0.94321
702.049	0.94365
702.306	0.94453
702.562	0.94585
702.818	0.94745
703.075	0.94959
703.331	0.95261
703.587	0.95635
703.844	0.95984
704.1	0.96228
704.356	0.96397
704.612	0.96566
704.869	0.9675
705.125	0.96977
705.381	0.97234
705.637	0.97472
705.894	0.97671
706.15	0.97881
706.406	0.98038
706.662	0.98092
706.918	0.98062
707.175	0.9795
707.431	0.97869
707.687	0.9787
707.943	0.97898
708.199	0.97917
708.455	0.97861
708.711	0.97729
708.967	0.97585
709.224	0.97464
709.48	0.97436
709.736	0.9752
709.992	0.97661
710.248	0.97846
710.504	0.98036
710.76	0.9821
711.016	0.98422
711.272	0.98647
711.528	0.98788
711.784	0.98845
712.04	0.98847
712.296	0.98812
712.552	0.98789
712.808	0.98715
713.064	0.98536
713.32	0.9831
713.576	0.981
713.832	0.97975
714.088	0.97968
714.344	0.98036
714.6	0.98121
714.855	0.98188
715.111	0.98249
715.367	0.98349
715.623	0.98481
715.879	0.98697
716.135	0.99002
716.391	0.99309
716.646	0.99602
716.902	0.99833
717.158	0.9995
717.414	0.99987
717.67	1
717.926	0.99963
718.181	0.9985
718.437	0.99684
718.693	0.9953
718.949	0.99411
719.204	0.99311
719.46	0.99231
719.716	0.99141
719.971	0.99069
720.227	0.99029
720.483	0.99007
720.739	0.99047
720.994	0.99165
721.25	0.99312
721.506	0.99435
721.761	0.99522
722.017	0.9959
722.273	0.99666
722.528	0.99772
722.784	0.99839
723.039	0.9978
723.295	0.9959
723.551	0.99354
723.806	0.99145
724.062	0.98925
724.317	0.98649
724.573	0.98356
724.828	0.98048
725.084	0.97731
725.339	0.97434
725.595	0.97175
725.85	0.96966
726.106	0.96759
726.361	0.96517
726.617	0.96286
726.872	0.96172
727.128	0.96198
727.383	0.96294
727.639	0.9641
727.894	0.96513
728.15	0.96646
728.405	0.96855
728.66	0.97114
728.916	0.97339
729.171	0.97516
729.426	0.97678
729.682	0.97864
729.937	0.98053
730.193	0.98238
730.448	0.98426
730.703	0.98594
730.959	0.98693
731.214	0.98748
731.469	0.98783
731.724	0.98794
731.98	0.98813
732.235	0.98847
732.49	0.98851
732.745	0.98814
733.001	0.98761
733.256	0.98709
733.511	0.98681
733.766	0.98618
734.022	0.98487
734.277	0.98363
734.532	0.98262
734.787	0.98134
735.042	0.97939
735.298	0.97675
735.553	0.97393
735.808	0.97134
736.063	0.96904
736.318	0.96743
736.573	0.96646
736.828	0.96532
737.083	0.96436
737.338	0.96425
737.594	0.96448
737.849	0.96467
738.104	0.96491
738.359	0.96514
738.614	0.96515
738.869	0.9649
739.124	0.96471
739.379	0.96496
739.634	0.96525
739.889	0.96523
740.144	0.96521
740.399	0.96565
740.654	0.96667
740.909	0.96793
741.164	0.9693
741.419	0.97078
741.674	0.97208
741.928	0.97265
742.183	0.97293
742.438	0.97343
742.693	0.97404
742.948	0.97447
743.203	0.97453
743.458	0.9746
743.713	0.97475
743.968	0.97498
744.222	0.97558
744.477	0.97662
744.732	0.978
744.987	0.97986
745.242	0.98253
745.496	0.98585
745.751	0.98904
746.006	0.99146
746.261	0.99287
746.515	0.99318
746.77	0.99236
747.025	0.99087
747.28	0.9891
747.534	0.98698
747.789	0.98511
748.044	0.98408
748.298	0.98322
748.553	0.98245
748.808	0.98185
749.063	0.98172
749.317	0.98231
749.572	0.9835
749.826	0.98533
750.081	0.98742
750.336	0.98927
750.59	0.9903
750.845	0.99045
751.099	0.98999
751.354	0.98928
751.609	0.98841
751.863	0.98753
752.118	0.98649
752.372	0.98461
752.627	0.98223
752.881	0.98025
753.136	0.97918
753.39	0.97852
753.645	0.97835
753.899	0.97907
754.154	0.97986
754.408	0.97992
754.663	0.97965
754.917	0.97993
755.172	0.98036
755.426	0.98091
755.68	0.98235
755.935	0.98474
756.189	0.98764
756.444	0.99074
756.698	0.99334
756.952	0.99492
757.207	0.99518
757.461	0.99414
757.715	0.99289
757.97	0.99179
758.224	0.99096
758.478	0.99057
758.733	0.99038
758.987	0.99006
759.241	0.98942
759.496	0.98873
759.75	0.98824
760.004	0.98863
760.258	0.98995
760.513	0.99208
760.767	0.99443
761.021	0.99595
761.275	0.99663
761.529	0.9966
761.784	0.99588
762.038	0.99472
762.292	0.99328
762.546	0.99149
762.8	0.98973
763.054	0.98814
763.309	0.98682
763.563	0.98644
763.817	0.98713
764.071	0.98823
764.325	0.98929
764.579	0.98988
764.833	0.9898
765.087	0.98968
765.341	0.98935
765.595	0.98851
765.849	0.98759
766.103	0.98699
766.357	0.98649
766.611	0.98545
766.865	0.98404
767.119	0.98252
767.373	0.98083
767.627	0.97934
767.881	0.97831
768.135	0.97773
768.389	0.97771
768.643	0.97884
768.897	0.98117
769.151	0.98369
769.405	0.98607
769.659	0.98839
769.913	0.99048
770.167	0.99209
770.421	0.99271
770.674	0.99252
770.928	0.99202
771.182	0.99094
771.436	0.98865
771.69	0.98514
771.944	0.98132
772.197	0.97758
772.451	0.97387
772.705	0.97034
772.959	0.96704
773.213	0.96406
773.466	0.96129
773.72	0.95919
773.974	0.95834
774.228	0.95829
774.481	0.95913
774.735	0.9608
774.989	0.96265
775.242	0.96415
775.496	0.96494
775.75	0.96545
776.003	0.96609
776.257	0.96654
776.511	0.96662
776.764	0.96633
777.018	0.96594
777.272	0.96509
777.525	0.96339
777.779	0.96137
778.032	0.9594
778.286	0.95736
778.539	0.95497
778.793	0.95259
779.047	0.95039
779.3	0.94824
779.554	0.94673
779.807	0.94608
780.061	0.94577
780.314	0.94561
780.568	0.94576
780.821	0.94602
781.075	0.94609
781.328	0.94587
781.582	0.94554
781.835	0.94524
782.088	0.94514
782.342	0.94518
782.595	0.94512
782.849	0.94489
783.102	0.94392
783.355	0.94186
783.609	0.93882
783.862	0.93535
784.116	0.93204
784.369	0.92924
784.622	0.9272
784.876	0.92553
785.129	0.92391
785.382	0.92277
785.636	0.92194
785.889	0.92102
786.142	0.9203
786.395	0.9198
786.649	0.91889
786.902	0.91722
787.155	0.91515
787.408	0.91296
787.662	0.91005
787.915	0.90633
788.168	0.90278
788.421	0.90059
788.674	0.90016
788.928	0.90075
789.181	0.90132
789.434	0.90129
789.687	0.90063
789.94	0.89982
790.193	0.89954
790.447	0.89999
790.7	0.90066
790.953	0.90123
791.206	0.90159
791.459	0.9015
791.712	0.90068
791.965	0.89904
792.218	0.89669
792.471	0.89411
792.724	0.89212
792.977	0.89124
793.23	0.89174
793.483	0.89312
793.736	0.89438
793.989	0.89474
794.242	0.89428
794.495	0.89372
794.748	0.89334
795.001	0.89359
795.254	0.89479
795.507	0.89671
795.76	0.89869
796.013	0.90039
796.266	0.90167
796.519	0.90254
796.771	0.90328
797.024	0.90347
797.277	0.90305
797.53	0.90261
797.783	0.90245
798.036	0.90196
798.289	0.90111
798.541	0.90001
798.794	0.89858
799.047	0.89707
799.3	0.89613
799.553	0.89598
799.805	0.89631
800.058	0.89706
800.311	0.8982
800.564	0.89928
800.816	0.90001
801.069	0.90042
801.322	0.90054
801.574	0.90068
801.827	0.90097
802.08	0.90103
802.332	0.90075
802.585	0.90044
802.838	0.90018
803.09	0.89991
803.343	0.89945
803.596	0.89848
803.848	0.89708
804.101	0.89565
804.353	0.89451
804.606	0.89324
804.859	0.89174
805.111	0.89003
805.364	0.88813
805.616	0.88628
805.869	0.88475
806.121	0.8833
806.374	0.88146
806.626	0.8793
806.879	0.87712
807.131	0.87532
807.384	0.87435
807.636	0.87424
807.889	0.8745
808.141	0.8747
808.394	0.87456
808.646	0.87371
808.899	0.87223
809.151	0.87079
809.403	0.86936
809.656	0.86728
809.908	0.86474
810.16	0.86196
810.413	0.85874
810.665	0.8552
810.918	0.85148
811.17	0.8473
811.422	0.84302
811.675	0.83952
811.927	0.83699
812.179	0.83502
812.431	0.83342
812.684	0.8321
812.936	0.83108
813.188	0.83013
813.44	0.82889
813.693	0.82733
813.945	0.82627
814.197	0.82644
814.449	0.82692
814.702	0.82668
814.954	0.82582
815.206	0.82479
815.458	0.82371
815.71	0.82252
815.962	0.82109
816.215	0.81939
816.467	0.81757
816.719	0.81527
816.971	0.81205
817.223	0.8077
817.475	0.80297
817.727	0.79858
817.979	0.79452
818.231	0.7909
818.483	0.78809
818.735	0.78608
818.987	0.78519
819.239	0.78536
819.491	0.7857
819.743	0.78572
819.995	0.78563
820.247	0.78594
820.499	0.78646
820.751	0.78653
821.003	0.78582
821.255	0.78431
821.507	0.78217
821.759	0.77962
822.011	0.77714
822.263	0.77471
822.515	0.77246
822.767	0.77057
823.019	0.769
823.27	0.76784
823.522	0.76678
823.774	0.76567
824.026	0.76527
824.278	0.76583
824.53	0.76662
824.782	0.76709
825.033	0.76708
825.285	0.76691
825.537	0.76698
825.789	0.76734
826.04	0.7684
826.292	0.76994
826.544	0.77163
826.796	0.77352
827.047	0.77513
827.299	0.77568
827.551	0.77507
827.802	0.77357
828.054	0.77113
828.306	0.76801
828.557	0.76506
828.809	0.76303
829.061	0.76189
829.312	0.76105
829.564	0.75993
829.816	0.75846
830.067	0.7573
830.319	0.75715
830.57	0.75818
830.822	0.76001
831.074	0.76225
831.325	0.76434
831.577	0.76642
831.828	0.76909
832.08	0.77169
832.331	0.77335
832.583	0.77416
832.834	0.77432
833.086	0.77373
833.337	0.77274
833.589	0.77195
833.84	0.77099
834.092	0.7693
834.343	0.76664
834.594	0.76298
834.846	0.75863
835.097	0.75435
835.349	0.75052
835.6	0.74706
835.851	0.7439
836.103	0.74131
836.354	0.73959
836.606	0.73868
836.857	0.73847
837.108	0.73838
837.36	0.73788
837.611	0.7371
837.862	0.73612
838.113	0.73503
838.365	0.73398
838.616	0.73285
838.867	0.73144
839.119	0.72952
839.37	0.72713
839.621	0.72476
839.872	0.72281
840.123	0.72133
840.375	0.72015
840.626	0.71915
840.877	0.71835
841.128	0.71761
841.379	0.7163
841.631	0.71418
841.882	0.7119
842.133	0.70979
842.384	0.70754
842.635	0.70544
842.886	0.70399
843.137	0.70336
843.388	0.70301
843.639	0.70234
843.89	0.70155
844.142	0.70087
844.393	0.70036
844.644	0.69991
844.895	0.6995
845.146	0.69925
845.397	0.69924
845.648	0.69921
845.899	0.69906
846.15	0.69874
846.401	0.69819
846.652	0.69756
846.902	0.69673
847.153	0.69546
847.404	0.69388
847.655	0.69238
847.906	0.69076
848.157	0.68861
848.408	0.68542
848.659	0.68129
848.91	0.6774
849.161	0.67445
849.411	0.67215
849.662	0.6704
849.913	0.66963
850.164	0.6698
850.415	0.67045
850.666	0.67161
850.916	0.67348
851.167	0.67582
851.418	0.67776
851.669	0.6787
851.919	0.67859
852.17	0.67768
852.421	0.6762
852.672	0.67411
852.922	0.67135
853.173	0.66793
853.424	0.66399
853.674	0.66001
853.925	0.6566
854.176	0.65361
854.426	0.65042
854.677	0.64713
854.928	0.64433
855.178	0.64247
855.429	0.64143
855.679	0.64086
855.93	0.64025
856.181	0.63942
856.431	0.63875
856.682	0.63886
856.932	0.63969
857.183	0.64074
857.433	0.64181
857.684	0.64265
857.934	0.64301
858.185	0.6429
858.435	0.64219
858.686	0.64068
858.936	0.63844
859.187	0.6356
859.437	0.63246
859.688	0.62961
859.938	0.62746
860.189	0.62598
860.439	0.62458
860.689	0.6229
860.94	0.62135
861.19	0.62052
861.441	0.62041
861.691	0.62032
861.941	0.61966
862.192	0.61846
862.442	0.61677
862.692	0.61442
862.943	0.61176
863.193	0.60931
863.443	0.6069
863.693	0.60448
863.944	0.60256
864.194	0.6015
864.444	0.60131
864.694	0.60189
864.945	0.60274
865.195	0.60342
865.445	0.60374
865.695	0.60371
865.946	0.60378
866.196	0.60403
866.446	0.60381
866.696	0.60272
866.946	0.60073
867.196	0.59813
867.446	0.5951
867.697	0.5917
867.947	0.58831
868.197	0.58512
868.447	0.58175
868.697	0.57834
868.947	0.5754
869.197	0.57304
869.447	0.57122
869.697	0.56977
869.947	0.5683
870.197	0.5672
870.447	0.56661
870.697	0.56613
870.947	0.56565
871.197	0.56528
871.447	0.56491
871.697	0.56421
871.947	0.56304
872.197	0.56164
872.447	0.56025
872.697	0.55904
872.947	0.55804
873.197	0.55709
873.447	0.55595
873.697	0.55508
873.946	0.55508
874.196	0.55569
874.446	0.5565
874.696	0.55738
874.946	0.55822
875.196	0.55889
875.445	0.55888
875.695	0.55807
875.945	0.55687
876.195	0.55548
876.445	0.55356
876.694	0.55079
876.944	0.5474
877.194	0.54398
877.444	0.54071
877.693	0.53755
877.943	0.53442
878.193	0.53128
878.442	0.52802
878.692	0.52503
878.942	0.52271
879.192	0.52095
879.441	0.51957
879.691	0.51864
879.94	0.51819
880.19	0.51822
880.44	0.51863
880.689	0.51926
880.939	0.51959
881.188	0.5192
881.438	0.51818
881.688	0.51679
881.937	0.51518
882.187	0.51355
882.436	0.51174
882.686	0.50952
882.935	0.50717
883.185	0.50491
883.434	0.50294
883.684	0.50144
883.933	0.50026
884.183	0.49922
884.432	0.49829
884.682	0.49776
884.931	0.49773
885.18	0.49772
885.43	0.49733
885.679	0.49637
885.929	0.49485
886.178	0.49273
886.427	0.49022
886.677	0.48755
886.926	0.48504
887.175	0.48308
887.425	0.48143
887.674	0.47965
887.923	0.47807
888.173	0.47695
888.422	0.47608
888.671	0.47529
888.921	0.47451
889.17	0.47406
889.419	0.47433
889.668	0.4751
889.918	0.47584
890.167	0.47623
890.416	0.47602
890.665	0.47506
890.914	0.47294
891.164	0.46983
891.413	0.46654
891.662	0.46345
891.911	0.46059
892.16	0.45791
892.409	0.45522
892.658	0.45257
892.907	0.45031
893.157	0.44843
893.406	0.44663
893.655	0.44492
893.904	0.44343
894.153	0.44234
894.402	0.44159
894.651	0.44059
894.9	0.43918
895.149	0.43764
895.398	0.43598
895.647	0.43403
895.896	0.43191
896.145	0.43001
896.394	0.42838
896.643	0.42682
896.892	0.42505
897.141	0.42343
897.39	0.42249
897.639	0.42214
897.888	0.42225
898.136	0.42269
898.385	0.42339
898.634	0.42417
898.883	0.42474
899.132	0.42488
899.381	0.42433
899.63	0.42311
899.878	0.42172
900.127	0.42072
900.376	0.41987
900.625	0.419
900.874	0.41833
901.122	0.41783
901.371	0.41744
901.62	0.41742
901.869	0.41779
902.117	0.41855
902.366	0.41965
902.615	0.42081
902.864	0.42176
903.112	0.42261
903.361	0.42351
903.61	0.42395
903.858	0.42378
904.107	0.42312
904.356	0.42188
904.604	0.41996
904.853	0.41757
905.101	0.41508
905.35	0.4126
905.599	0.41053
905.847	0.40889
906.096	0.40738
906.344	0.40575
906.593	0.40409
906.841	0.40231
907.09	0.40021
907.338	0.39786
907.587	0.39542
907.835	0.39305
908.084	0.39116
908.332	0.38984
908.581	0.38911
908.829	0.38909
909.078	0.3893
909.326	0.38918
909.575	0.38839
909.823	0.38719
910.072	0.38588
910.32	0.38419
910.568	0.38206
910.817	0.37976
911.065	0.37774
911.313	0.376
911.562	0.37435
911.81	0.37275
912.058	0.37136
912.307	0.37024
912.555	0.36938
912.803	0.36891
913.052	0.36889
913.3	0.36918
913.548	0.36993
913.796	0.37113
914.045	0.3723
914.293	0.3729
914.541	0.37261
914.789	0.37162
915.038	0.37023
915.286	0.36854
915.534	0.36698
915.782	0.36595
916.03	0.36539
916.278	0.36476
916.527	0.36364
916.775	0.36215
917.023	0.36071
917.271	0.35936
917.519	0.35788
917.767	0.35623
918.015	0.35448
918.263	0.35269
918.511	0.35128
918.759	0.35044
919.007	0.34989
919.255	0.3496
919.503	0.34962
919.751	0.34969
919.999	0.3497
920.247	0.34975
920.495	0.35004
920.743	0.35059
920.991	0.35118
921.239	0.3516
921.487	0.35161
921.735	0.35133
921.983	0.35096
922.231	0.35029
922.479	0.34916
922.727	0.34773
922.975	0.34619
923.222	0.3447
923.47	0.34333
923.718	0.3422
923.966	0.34148
924.214	0.34111
924.462	0.34061
924.709	0.3398
924.957	0.33913
925.205	0.33909
925.453	0.33941
925.701	0.33943
925.948	0.33881
926.196	0.33793
926.444	0.33732
926.692	0.33713
926.939	0.33724
927.187	0.33753
927.435	0.3378
927.682	0.33767
927.93	0.337
928.178	0.33575
928.425	0.3341
928.673	0.33235
928.921	0.33066
929.168	0.32914
929.416	0.328
929.663	0.32722
929.911	0.32667
930.159	0.3261
930.406	0.3252
930.654	0.32391
930.901	0.32246
931.149	0.32127
931.396	0.32082
931.644	0.32108
931.891	0.3217
932.139	0.32235
932.386	0.32268
932.634	0.32258
932.881	0.32208
933.129	0.32105
933.376	0.31983
933.623	0.31845
933.871	0.31704
934.118	0.31575
934.366	0.31432
934.613	0.31234
934.861	0.31009
935.108	0.30791
935.355	0.30573
935.603	0.30346
935.85	0.30124
936.097	0.29948
936.345	0.29847
936.592	0.29798
936.839	0.29753
937.086	0.29684
937.334	0.29615
937.581	0.29567
937.828	0.29511
938.075	0.2942
938.323	0.29309
938.57	0.29215
938.817	0.29155
939.064	0.2908
939.312	0.28947
939.559	0.28778
939.806	0.28602
940.053	0.28416
940.3	0.28239
940.547	0.28128
940.795	0.28102
941.042	0.28114
941.289	0.28113
941.536	0.28097
941.783	0.28074
942.03	0.28046
942.277	0.28033
942.524	0.28027
942.771	0.28019
943.018	0.27991
943.265	0.27953
943.512	0.27917
943.759	0.27844
944.006	0.27726
944.253	0.27612
944.5	0.27521
944.747	0.27431
944.994	0.27354
945.241	0.27307
945.488	0.27267
945.735	0.272
945.982	0.27101
946.229	0.26991
946.476	0.26888
946.723	0.26776
946.969	0.26631
947.216	0.26469
947.463	0.26323
947.71	0.2619
947.957	0.2603
948.204	0.25844
948.45	0.25656
948.697	0.25494
948.944	0.25376
949.191	0.25314
949.438	0.25281
949.684	0.25259
949.931	0.25242
950.178	0.25226
950.424	0.25213
950.671	0.25214
950.918	0.25217
951.165	0.25199
951.411	0.25158
951.658	0.25095
951.905	0.25012
952.151	0.24916
952.398	0.24829
952.645	0.24754
952.891	0.24695
953.138	0.24643
953.384	0.24573
953.631	0.24469
953.878	0.24349
954.124	0.24237
954.371	0.24136
954.617	0.24043
954.864	0.23947
955.11	0.23854
955.357	0.23747
955.603	0.23615
955.85	0.23458
956.096	0.23295
956.343	0.23146
956.589	0.22994
956.836	0.22821
957.082	0.22625
957.329	0.22435
957.575	0.22277
957.821	0.22156
958.068	0.22076
958.314	0.22019
958.561	0.2196
958.807	0.21904
959.053	0.21866
959.3	0.21849
959.546	0.21837
959.792	0.21805
960.039	0.2174
960.285	0.2164
960.531	0.2152
960.777	0.21387
961.024	0.21254
961.27	0.21114
961.516	0.2096
961.763	0.20788
962.009	0.206
962.255	0.20413
962.501	0.20262
962.747	0.20156
962.994	0.20075
963.24	0.20006
963.486	0.19958
963.732	0.19944
963.978	0.19964
964.224	0.19989
964.47	0.20003
964.717	0.19996
964.963	0.19969
965.209	0.19928
965.455	0.19875
965.701	0.19805
965.947	0.19722
966.193	0.19631
966.439	0.1954
966.685	0.19429
966.931	0.19294
967.177	0.19147
967.423	0.1899
967.669	0.18815
967.915	0.1863
968.161	0.18473
968.407	0.18335
968.653	0.18174
968.899	0.17989
969.145	0.17806
969.391	0.17645
969.637	0.17513
969.883	0.17409
970.129	0.17327
970.374	0.17263
970.62	0.17195
970.866	0.17134
971.112	0.17088
971.358	0.17051
971.604	0.17013
971.849	0.1697
972.095	0.16911
972.341	0.1683
972.587	0.16733
972.833	0.16629
973.078	0.16519
973.324	0.16396
973.57	0.1625
973.816	0.16102
974.061	0.1597
974.307	0.15856
974.553	0.1576
974.798	0.15676
975.044	0.15604
975.29	0.15539
975.535	0.15469
975.781	0.15405
976.027	0.15342
976.272	0.15274
976.518	0.15196
976.763	0.1509
977.009	0.14955
977.255	0.14815
977.5	0.14692
977.746	0.14591
977.991	0.14518
978.237	0.14468
978.482	0.14423
978.728	0.14386
978.973	0.1435
979.219	0.14321
979.464	0.14292
979.71	0.14265
979.955	0.14238
980.201	0.14209
980.446	0.14173
980.692	0.14135
980.937	0.14104
981.182	0.14077
981.428	0.14045
981.673	0.14
981.919	0.13947
982.164	0.13908
982.409	0.13878
982.655	0.13849
982.9	0.13814
983.145	0.13774
983.391	0.13743
983.636	0.13714
983.881	0.13672
984.126	0.13634
984.372	0.13597
984.617	0.13562
984.862	0.13533
985.108	0.13518
985.353	0.13517
985.598	0.13526
985.843	0.13543
986.088	0.13556
986.334	0.13561
986.579	0.13563
986.824	0.13549
987.069	0.13508
987.314	0.13446
987.559	0.13381
987.804	0.13307
988.05	0.13235
988.295	0.13169
988.54	0.13089
988.785	0.12995
989.03	0.12898
989.275	0.12785
989.52	0.12667
989.765	0.12549
990.01	0.12426
990.255	0.12284
990.5	0.1213
990.745	0.11976
990.99	0.11821
991.235	0.11676
991.48	0.11549
991.725	0.11416
991.97	0.11286
992.215	0.1117
992.46	0.11061
992.705	0.10954
992.95	0.10852
993.194	0.10748
993.439	0.10639
993.684	0.1053
993.929	0.10413
994.174	0.10293
994.419	0.1018
994.664	0.10062
994.908	0.0994
995.153	0.09812
995.398	0.09678
995.643	0.09537
995.887	0.09402
996.132	0.09282
996.377	0.09173
996.622	0.09064
996.866	0.08952
997.111	0.08837
997.356	0.08718
997.601	0.08601
997.845	0.08484
998.09	0.08369
998.335	0.08254
998.579	0.0814
998.824	0.08027
999.069	0.07914
999.313	0.07802
999.558	0.07691
999.802	0.07581